input1 input2
0.977372 2.246329
1.740275 3.067915
3.808668 1.466048
2.999562 2.589499
3.856979 2.923534
1.579080 1.644578
2.418374 2.953568
3.785448 1.288029
0.928238 0.000197
0.400687 1.151265
2.366007 2.701569
1.495147 3.757580
0.124401 1.392312
1.829706 2.224236
3.444929 2.650139
1.484644 1.135522
1.838745 0.752734
0.361792 0.235778
2.517925 2.674456
1.852687 0.191866
2.346936 0.645481
1.978253 1.090989
2.219044 1.584063
2.954935 0.439031
0.436144 2.347158
3.632880 0.546502
1.897909 0.997444
0.358101 0.460921
1.669445 3.511127
3.149263 1.147585
0.797808 1.933813
2.207312 3.046186
1.266515 2.779431
2.000439 2.830798
3.173565 1.808629
0.058119 0.200582
0.107672 1.079484
3.419544 2.080145
2.805216 0.925740
0.515051 0.197366
1.550494 3.153108
3.637068 0.174998
0.884603 1.299010
0.699233 0.093107
0.489197 0.268647
0.354503 1.667694
0.108799 2.090550
1.435561 2.332603
2.904232 0.513247
2.218191 0.249026
2.438796 1.308319
0.249134 1.442376
0.258327 1.730081
2.523486 1.132042
0.483693 2.914632
2.669438 3.904175
2.587000 2.911048
2.411223 1.741896
0.969505 1.951024
2.237774 3.185760
0.013870 2.759820
1.934808 2.642541
0.811022 3.357400
0.097441 0.586291
3.026094 0.622971
2.523026 0.772398
1.968766 1.971855
1.620859 2.131065
1.208611 2.024230
2.215269 1.000108
2.886343 3.793628
0.039052 1.881842
2.877701 1.413656
2.089773 0.906189
3.310365 2.243875
2.741371 0.611877
3.667664 3.092608
3.207163 3.243106
0.936845 2.332519
0.549589 2.893521
3.144995 0.033180
2.767432 0.530827
0.565422 2.343036
0.535673 0.484029
1.572464 1.453404
3.332177 0.187165
3.295397 1.059401
2.079696 1.424650
0.121048 2.164155
2.361390 2.247714
1.794278 1.870594
0.093679 1.676833
0.893230 2.657311
0.855458 0.884911
0.910586 0.294653
2.461051 1.266798
0.758188 1.414485
2.265005 3.164765
1.871746 1.549234
0.147971 2.733599
2.366246 0.060447
0.432983 3.827661
2.036289 2.974368
1.957885 2.824482
2.007547 0.296820
2.598872 1.590342
0.488831 0.984891
1.752402 3.534520
0.640380 2.811192
1.094310 0.519425
0.761619 0.319330
1.419336 1.614644
1.971829 3.100812
2.815805 1.171121
2.986610 1.680717
2.493468 1.700513
0.968382 2.542482
2.729596 2.098535
0.895188 1.137786
3.799569 3.300738
1.353212 1.551575
0.832707 3.851893
3.943465 1.148033
1.099460 1.778900
0.038078 3.281884
0.543635 0.644144
0.393919 0.754358
1.931660 1.158724
3.896829 3.512792
0.745020 1.893983
3.019835 2.484746
2.655520 1.062917
0.478242 2.751055
0.837902 0.278091
2.510711 1.196071
0.702489 1.115370
3.786892 2.189645
3.245009 3.684871
2.102436 2.250991
1.199141 2.749264
0.404225 1.711355
0.252300 0.064894
2.701840 0.632165
1.255073 3.649279
0.233823 1.890096
2.228040 3.804131
0.886004 0.924855
1.806989 1.571398
3.590914 3.612049
3.517815 1.003283
1.216300 1.730439
2.381737 1.238911
0.210223 0.170082
2.578268 1.227465
0.266852 3.175604
3.832591 1.628154
0.209192 0.843898
1.211863 1.253378
3.743655 1.914904
1.741848 1.831379
3.187106 3.941042
3.444495 3.664904
0.194604 0.350274
1.547505 2.572700
1.361167 1.541549
0.583163 2.039280
3.748335 1.093975
2.603256 3.039217
2.309200 1.364047
1.735099 1.472423
0.546391 0.641671
0.701675 1.589563
0.363710 3.697086
1.247821 2.911302
2.475610 1.234816
2.892670 1.726748
0.348204 0.760998
0.085093 2.388556
2.073886 2.664014
2.477956 3.574153
2.418926 0.236202
1.754764 3.435143
3.942634 1.676408
0.421350 1.490921
1.977879 3.545046
2.994087 0.779994
0.738292 2.868499
1.270069 2.901499
2.341785 1.230389
2.043608 2.930536
3.822206 0.370730
1.254327 3.377906
2.837144 2.797096
1.910556 1.188737
1.356014 0.134878
0.144903 2.511455
3.062498 3.000352
1.584774 1.285579
0.213120 0.654859
2.347792 0.519742
2.040574 1.499091
0.838851 0.829181
1.811902 1.406036
0.623740 1.200460
2.694009 0.850450
1.981771 1.593613
2.035090 0.754259
2.053988 0.323802
1.856471 3.630421
3.273907 2.035895
2.653119 1.092941
3.550630 3.370033
3.001015 2.542852
0.176798 2.074983
1.592400 1.388319
0.724322 2.296247
2.971592 1.044364
2.408277 2.597521
0.392537 3.685718
0.702042 2.504190
3.979890 0.037488
0.334793 3.660493
2.382131 1.747462
3.374686 1.084467
0.947256 2.791876
2.932654 2.183171
3.763784 0.415133
1.746991 3.687535
0.606302 0.912717
3.505210 2.762686
0.862831 2.061961
2.319512 1.501601
2.082687 2.226667
3.778983 2.129064
0.420736 2.904463
3.465654 0.361042
2.401901 0.662708
2.857082 2.837821
2.886151 0.688214
2.629523 2.260595
0.079837 2.390857
1.229006 3.926323
0.659004 1.466136
0.730534 2.016962
3.695971 1.189752
0.480524 2.979310
2.583866 0.729268
2.331397 0.365620
0.799868 1.700234
2.758573 0.759525
3.599802 2.641084
2.702835 2.933690
1.570032 1.670908
3.400005 3.697136
3.599027 1.919554
0.617367 1.211941
3.114227 1.276077
3.817911 3.929000
2.483190 0.454070
0.563189 2.007413
3.643623 2.285291
0.012676 1.155587
1.973336 2.811379
2.489300 1.164312
2.395195 1.478907
1.444949 3.619598
2.277104 3.375500
0.028136 1.094833
1.027077 0.599516
1.150771 0.304377
0.170926 1.107177
0.212094 3.505109
2.871248 1.607000
0.380984 1.809979
2.873018 3.072482
3.998413 3.708522
2.347481 1.191366
1.711360 3.896226
3.111138 0.697402
0.628318 0.637103
0.913814 1.653472
2.810847 2.406986
2.355112 1.942304
1.488187 0.679812
2.956611 0.020640
0.235250 1.323944
3.470004 1.571420
3.390055 0.524193
2.093019 1.154176
2.119292 2.651449
0.183105 0.345951
0.385617 2.572384
1.141818 2.564821
1.398304 0.988071
2.181697 0.786509
3.260470 1.838874
0.025290 1.669203
1.064170 1.038856
3.409914 3.059719
2.657771 2.494023
